2011 2
-10.558920 -17.743744
6.985015 10.490575
-48.684814 -36.321507
-48.748230 -36.283722
37.438519 19.315165
-29.711058 -34.813320
-61.721050 -32.437344
3.084827 6.501949
-75.030510 -21.806482
-21.113798 -29.202784
-30.488045 -34.946362
-56.986885 -34.689507
11.108242 13.882375
-7.346424 -12.993007
-64.264038 -30.735989
26.875681 18.521238
-11.942609 -19.643463
-61.956467 -32.293232
-1.544980 0.607155
-25.428888 -32.375927
-24.842636 -31.903770
15.839798 16.805490
-48.773834 -36.453472
56.332733 19.017813
54.326988 19.111874
22.714560 18.377899
-8.558145 -14.864858
47.891926 20.284781
-2.732988 -1.347620
48.557716 19.669056
-9.601762 -16.421707
-48.741249 -36.270187
-22.876493 -30.610258
-60.856636 -32.952667
-6.531746 -11.896045
-67.838936 -28.082245
-26.608971 -33.146652
63.107353 18.609364
-63.866302 -31.019211
-0.693522 1.791804
-15.405333 -23.827240
-72.044678 -24.552908
-23.562284 -31.110571
-60.269409 -33.379230
57.523464 18.882971
-40.579140 -36.626869
-19.891211 -28.127367
-39.657494 -36.297295
-8.278682 -14.493844
44.118031 19.911547
-47.959316 -36.255665
-44.289326 -36.419601
49.925907 19.867384
-36.815311 -36.336800
-20.242828 -28.429733
-8.324965 -14.549357
-24.690262 -31.828569
-6.214112 -11.525240
-23.198606 -30.852434
48.853466 20.018501
-15.201674 -23.609169
57.390434 18.837725
-43.392708 -36.760643
40.501385 19.437433
43.906509 19.886026
-70.200218 -26.103668
-4.552691 -4.397368
34.297993 19.206463
25.951164 18.557337
-41.337280 -36.718475
-49.322090 -36.392632
-42.650692 -36.698071
-26.293589 -32.942448
12.607818 15.001095
53.161087 19.377562
-67.981407 -27.966095
7.027208 10.540587
-60.963039 -32.835892
-69.628098 -26.578037
-45.659538 -36.583160
30.046791 18.580715
-43.808048 -36.621582
41.819035 19.664267
-39.653580 -36.247192
-76.964897 -19.964636
-27.572241 -33.639156
-9.630817 -16.476786
39.022747 19.261402
60.659904 18.767639
-18.884962 -27.243069
18.387606 17.533716
-26.186684 -32.856361
8.846574 12.150801
38.355598 19.076937
-3.545304 -2.373739
-9.055964 -15.715519
-14.274944 -22.546686
10.628415 13.537643
57.344753 18.959658
31.020741 19.010180
-35.656479 -35.854572
55.276134 19.064135
-68.412041 -27.604445
61.896225 18.558899
-49.107155 -36.149815
-19.699265 -27.919441
-21.578579 -29.571920
-57.062447 -34.670456
-39.966446 -36.589554
-50.553532 -36.383987
-71.371719 -25.058813
52.596512 19.263815
37.591885 19.114332
-76.695648 -20.233273
17.148207 17.501814
-31.750969 -35.167671
4.832262 8.412642
18.811384 17.513369
20.793524 17.748863
-18.646185 -27.018892
25.870859 18.607307
51.811203 19.708611
18.174641 17.818039
42.326229 19.779943
61.862526 18.910042
-66.876495 -28.899027
28.799435 19.021500
-67.718140 -28.194517
-11.552254 -19.130064
-28.605902 -34.158405
64.177376 17.774632
12.258198 14.874831
-47.266041 -36.460224
-30.692850 -35.004368
15.243220 16.396303
53.911697 19.233555
-1.119131 1.201601
-34.486946 -36.010609
-16.313650 -24.743380
60.301231 18.929455
47.356140 19.939529
-26.828642 -33.289375
-15.870467 -24.290844
11.761837 14.340026
-45.208012 -36.572258
8.767455 12.071839
-47.613220 -36.602776
-14.431914 -22.714632
26.977859 18.950357
-4.727534 -6.124532
-44.384048 -36.608681
60.437019 18.473026
-70.917084 -25.448067
3.860839 7.404690
40.861198 19.294968
-2.776550 -1.346401
-73.457306 -23.285923
-5.195438 -5.883078
33.525497 19.014071
-44.818588 -36.654648
-40.976246 -36.318256
21.172764 18.016193
-37.922642 -36.094933
17.654974 17.245533
-29.710623 -34.706741
-1.435482 0.747442
-53.367611 -35.794315
29.453058 18.664080
-9.270525 -16.006092
22.949930 18.327744
-43.467674 -36.301228
-13.337066 -21.383873
-12.693960 -20.647161
-69.378952 -26.784634
-68.651390 -27.406357
-53.322426 -35.713062
-32.650139 -35.480003
36.613724 19.068871
-5.486256 -7.337760
35.388779 19.335207
-77.284302 -19.642691
-18.690624 -27.058786
-65.832794 -29.705166
-34.096500 -35.940502
7.605126 11.051552
63.254112 18.496023
-3.402092 -2.518839
23.897921 18.365089
-31.805595 -35.222580
-51.963638 -35.817688
50.212120 19.728916
13.433888 15.499167
26.067554 18.793955
18.717133 17.400585
-69.684853 -26.535835
-76.476158 -20.446877
-65.878029 -29.661514
-16.939823 -25.372768
-73.316208 -23.430120
-36.490547 -36.003922
-62.398109 -32.071484
51.875420 19.421186
-73.069611 -23.654787
-7.083640 -12.622828
-53.607998 -35.734779
-15.257034 -23.663109
5.906560 9.471722
21.134466 17.942589
-29.666393 -34.666492
-6.805775 -12.271933
1.195445 4.182927
43.219566 19.997908
26.292517 19.165220
-72.959129 -23.769426
-1.861945 0.252820
5.677358 9.254460
-7.882214 -13.877706
22.440462 18.205378
-60.533630 -33.191757
6.364948 9.910783
59.058437 18.675814
48.221054 19.974791
-28.271084 -34.039257
-56.854942 -34.803356
47.490608 19.899765
7.122120 10.619838
-10.367539 -17.485847
50.796047 20.040607
-45.771397 -36.459389
-52.025509 -36.037247
-46.586521 -36.566895
10.716289 13.605214
-69.995758 -26.285168
-53.860413 -35.547737
2.181312 5.346737
-76.719109 -20.213419
-4.837851 -6.404802
-50.712051 -36.269817
-27.529408 -33.614563
-33.340279 -35.828270
37.731396 19.606682
-3.579793 -3.958994
35.242989 19.070932
-58.242146 -33.937664
21.662048 18.378548
-22.627695 -30.405048
13.948726 15.787961
-30.673626 -35.171623
-71.122284 -25.268156
25.371071 18.530302
36.018696 19.441475
-1.721239 0.340991
-6.192186 -11.409009
54.830563 19.143007
-31.048407 -35.007351
-48.928677 -36.154747
-70.250191 -26.053703
-37.663826 -36.499474
7.281336 10.769760
-37.121269 -36.419498
-58.356815 -33.900913
-1.952843 0.103648
-11.469146 -19.024317
4.989528 8.573439
-7.500738 -13.208321
-20.507988 -28.671333
-0.311602 2.298759
-74.997322 -21.839405
-3.155328 -1.906681
30.600574 18.919962
5.143286 8.724771
-57.394875 -34.367020
24.891275 18.410519
-17.830887 -26.226072
-29.118643 -34.328564
-42.128017 -36.350811
-50.077736 -36.154564
-74.075356 -22.710466
46.892723 19.876223
-10.197206 -17.236151
-37.020702 -36.008797
-14.806869 -23.154764
-6.316968 -11.608994
44.010712 19.984161
-33.744709 -35.951981
59.414948 18.857048
-6.503998 -11.886569
-7.016951 -12.548846
-12.023179 -19.776781
29.515059 18.932703
32.146439 19.189253
64.259399 17.675327
62.876701 18.716776
53.427216 19.421915
-66.383034 -29.308558
4.587772 8.154956
-33.434628 -35.660431
-44.654682 -36.636097
-8.691362 -15.089828
-52.083988 -35.912064
54.040421 19.355146
-6.724641 -12.170674
39.028214 19.432978
-3.705753 -2.606151
0.754497 3.687595
-29.090733 -34.398144
4.192171 7.751570
-4.526469 -4.356263
-20.332693 -28.515362
10.660968 13.563046
27.909845 18.863310
-54.853447 -35.415043
9.598540 12.758601
-8.190935 -14.357323
-52.426491 -35.834126
26.267527 18.345762
48.757767 20.068228
-32.706203 -35.668907
-37.969513 -36.154560
0.871177 3.823421
-11.631131 -19.246038
-74.333466 -22.472134
16.539751 17.259510
59.846817 18.548414
-9.922411 -16.907625
-2.584367 -1.148738
-75.214256 -21.629156
-76.835808 -20.093416
-50.162582 -36.081566
-18.260159 -26.646248
19.477009 17.904676
43.132118 19.956530
-75.442505 -21.411062
57.207962 18.901455
1.894748 5.012348
-56.893093 -34.795860
6.091779 9.651536
-43.823517 -36.439941
-73.913788 -22.851883
-40.576782 -36.356602
-1.716129 0.351651
-40.202721 -36.457340
28.322620 18.983820
57.159557 18.949831
54.298279 19.159365
-36.616825 -36.030178
51.407085 19.939711
-77.340904 -19.592943
12.490783 14.912870
-33.770077 -35.858383
-28.079174 -33.851223
64.138184 17.806690
58.827080 18.871027
-50.941868 -36.227421
29.329762 18.743475
-62.930294 -31.716084
28.607639 18.622133
-0.587811 1.938792
-31.642990 -35.221313
22.286875 18.217686
64.056915 17.882328
28.343374 19.078011
-6.360086 -11.692194
-44.294735 -36.419971
20.538994 18.125820
-43.712452 -36.665722
54.682335 19.310980
-26.273920 -32.963951
-76.726761 -20.199636
-57.942963 -34.120655
-28.636221 -34.041615
-19.547758 -27.840572
53.219921 19.420292
32.906013 19.092958
16.736380 17.015938
-6.683047 -12.090499
-35.935005 -36.377995
48.544010 19.729687
43.311100 19.544130
-56.168175 -35.090797
30.751730 19.289370
9.523517 12.697300
60.468456 18.647781
-50.259998 -36.400242
-51.935574 -35.924763
-25.359474 -32.282166
-75.760994 -21.107464
-61.238819 -32.684704
-74.130005 -22.662436
-70.468086 -25.863482
-19.900099 -28.147434
-57.418152 -34.429958
-3.327221 -2.169278
43.650841 20.022858
17.945459 17.488264
52.267349 19.368874
-76.618965 -20.304840
-41.164619 -36.648987
34.019455 19.066969
-3.308105 -2.081650
27.238148 18.997547
-18.524443 -26.902641
50.342033 19.524298
-20.837374 -28.956059
-15.209120 -23.615803
-5.095008 -6.603230
-22.320482 -30.133194
43.383823 19.605339
59.068851 18.765759
-18.009844 -26.397243
-15.103883 -23.504318
13.789706 15.674150
-57.632786 -34.315052
-4.011237 -4.657692
8.913727 12.178795
-25.040140 -32.108864
57.099636 18.844160
-37.235844 -35.986549
-8.185102 -14.351506
-64.927467 -30.319168
-7.076987 -12.596171
16.602392 17.018261
61.829510 18.761444
11.363253 14.057960
-61.015606 -32.838043
-75.338165 -21.512980
-64.453835 -30.599958
-27.923601 -33.834679
-35.351307 -36.159756
27.123396 18.386229
-1.343603 0.867705
20.397320 17.909258
-3.564319 -2.324142
-45.250698 -36.401741
59.071033 18.800756
-57.557968 -34.464390
-67.598030 -28.286184
-52.050571 -35.977287
35.235889 19.100279
48.355240 19.770041
-23.153252 -30.827591
-47.866814 -36.413258
19.032930 17.726833
36.760731 19.489511
-73.207344 -23.534094
27.149012 18.690279
-27.020054 -33.384789
-15.182137 -23.587788
5.916087 9.486915
29.787870 19.256294
-3.220134 -3.134046
4.238702 7.801500
-26.926163 -33.300220
46.816151 19.647875
51.652496 19.591524
36.585743 19.592009
-46.950493 -36.398575
6.105045 9.669789
-18.872185 -27.224632
-16.412928 -24.844227
-5.308628 -6.975110
-2.912555 -1.548493
-39.049690 -36.425522
-9.115154 -15.788886
-68.560150 -27.484798
40.862656 19.678373
-1.733075 0.422664
15.467189 16.506117
36.020821 19.565117
-67.190247 -28.660070
-72.147903 -24.473768
-67.158951 -28.683849
21.710690 18.224773
62.664547 18.888494
-29.009895 -34.267914
-21.963354 -29.862663
-43.570118 -36.754627
57.166645 18.977482
60.923126 18.511728
5.758871 9.336476
-8.066045 -14.172187
-54.994041 -35.402382
-25.211880 -32.194279
-63.310070 -31.443159
-32.275078 -35.568687
-50.990246 -36.233505
63.114929 18.629532
30.714787 18.664682
4.372939 7.931522
-5.329674 -7.006455
-12.795069 -20.777737
57.451942 18.722422
4.816786 8.394111
33.909374 19.188198
-69.147552 -26.990904
20.081614 17.621479
-40.135647 -36.337849
-52.109657 -35.973621
-32.001789 -35.328705
13.712658 15.543719
25.742037 18.425589
58.038689 18.556786
62.870132 18.844145
32.314861 19.156744
-58.236832 -33.982883
-46.915981 -36.396481
-44.615269 -36.637711
21.470579 18.075502
-4.700616 -6.282871
22.271173 18.195635
3.588206 7.107152
-66.166595 -29.457756
-18.494333 -26.875418
11.270287 13.991349
44.178699 19.766386
-26.712456 -33.203732
-27.155792 -33.472706
-60.815025 -33.013111
59.947056 18.625647
-55.426266 -35.146786
59.152763 18.728210
57.917953 18.679935
-19.370348 -27.672707
-57.013805 -34.695183
-66.657562 -29.078049
5.489491 9.062053
9.845702 12.955584
-3.609609 -2.531089
19.456720 17.972189
12.672359 15.031009
62.598392 18.996269
24.462904 18.562557
4.065506 7.614446
-0.754282 1.720463
-22.208559 -30.048313
54.377758 19.207439
-8.272015 -14.486094
29.146502 19.155640
-9.471936 -16.258699
-65.988731 -29.603674
-50.128269 -36.162968
-17.473471 -25.887627
54.244839 19.361019
-61.089424 -32.753223
42.642570 19.837029
38.607143 19.038443
-32.514763 -35.683010
25.855534 19.007706
-46.672955 -36.250431
-63.640713 -31.212673
-4.656174 -4.490368
-35.280647 -36.206818
-70.553604 -25.790312
-57.141941 -34.593090
61.420715 18.568445
63.737560 18.150202
1.247648 4.259902
13.996005 15.781498
-73.824478 -22.929775
61.359432 18.675545
6.799744 10.323414
-1.374527 0.847780
50.958649 19.696661
-4.013008 -5.201798
-10.728067 -17.965843
-10.729795 -17.975267
28.972805 18.633982
-72.767624 -23.946362
51.474316 19.431009
8.263730 11.623067
-34.575836 -35.817036
-73.237350 -23.502289
-10.018027 -17.011265
11.277075 14.005395
-68.425636 -27.596869
6.920681 10.435397
-69.088341 -27.038586
48.864162 19.795427
14.904519 16.269533
-5.261735 -6.899076
26.432543 18.951727
-5.040718 -6.638721
-15.953540 -24.373720
-76.571716 -20.361431
-55.813457 -34.941898
-31.398571 -35.371777
22.517746 17.974810
-68.823952 -27.254620
-13.730639 -21.849581
-3.976346 -3.049515
51.576828 19.731951
-4.212093 -3.410500
-75.601654 -21.260471
-1.840729 0.244878
35.648338 19.150234
-42.825737 -36.480766
34.087673 19.077358
63.744408 18.140985
-68.191940 -27.792944
-21.235975 -29.301401
56.526138 18.951660
-46.162930 -36.704487
-18.794525 -27.145849
18.918661 17.702757
38.863670 19.540884
-4.404268 -5.558632
14.295418 15.909329
35.136280 19.272507
-21.254400 -29.314049
49.441223 19.887459
-77.171349 -19.758831
-3.061625 -1.721938
-50.040337 -36.299740
38.570564 19.314934
-22.684240 -30.453230
-0.472888 2.104718
-56.413902 -34.833767
22.835140 18.547546
-65.558304 -29.909094
-9.323460 -16.086979
-25.687622 -32.519672
7.529701 10.992472
40.176018 19.145887
-7.562560 -13.318345
33.293694 19.009373
48.067890 20.061583
49.117008 19.651234
-3.715420 -4.108272
19.898632 17.758045
-49.316792 -36.512508
-8.696599 -15.086524
-46.801399 -36.532116
41.426537 19.665224
6.988571 10.493503
-49.567501 -36.394592
-13.134139 -21.157961
64.085770 17.856884
-43.359646 -36.780758
1.969052 5.099752
-4.042838 -3.003046
-75.090691 -21.750395
-33.937466 -35.946682
59.389595 18.703428
-62.205975 -32.175243
54.361141 19.318180
-35.719547 -36.090145
-28.093880 -33.882263
-12.205362 -20.018673
-66.893028 -28.911356
-41.179047 -36.579163
33.108543 19.255384
-4.976169 -5.721137
-22.015240 -29.885445
-11.258556 -18.729794
-30.318863 -35.070759
-14.246645 -22.508362
40.098694 19.701132
-20.476355 -28.631821
7.181072 10.679440
6.020163 9.581914
23.036594 18.468077
-39.407928 -36.363152
17.120035 17.234749
-37.446922 -36.231823
36.904629 19.535858
-19.175171 -27.509487
-15.337005 -23.756720
-77.484566 -19.447922
-11.815852 -19.517391
-14.375113 -22.649397
63.360500 18.427923
-7.127592 -12.677261
-3.836866 -4.526586
50.807289 19.565317
-17.239319 -25.659676
28.598394 18.828810
-40.799442 -36.421402
36.692062 19.166805
-39.041786 -36.347202
35.248299 19.024181
-14.344199 -22.618551
-9.709598 -16.573748
13.027689 15.344452
-70.807312 -25.560669
-57.675312 -34.241241
30.388323 19.135479
-9.104950 -15.785435
-10.577707 -17.765623
-76.579964 -20.350958
61.617985 18.992441
-48.354153 -36.618282
-12.126425 -19.913677
-10.997885 -18.359320
-74.765923 -22.055519
12.362031 14.795199
6.159452 9.737328
-29.587975 -34.655018
-4.850373 -6.504660
38.905018 19.665777
-0.682686 1.814327
-65.137489 -30.214327
3.902394 7.447530
13.543308 15.428196
-36.328247 -36.172924
-60.888416 -32.906433
29.850969 19.298679
-46.364296 -36.483196
4.007214 7.558764
-73.757370 -23.012547
21.017939 18.077833
-67.670792 -28.236128
12.715413 15.043993
-70.007156 -26.260735
-67.279778 -28.557699
40.191277 19.573608
62.510933 18.945127
-64.235252 -30.746235
-51.053818 -36.014145
-67.037354 -28.777817
-51.233681 -35.958134
-62.740620 -31.850773
-76.261368 -20.654287
42.602219 19.664328
-35.462181 -36.017963
-0.359670 2.232137
-37.927933 -36.408421
-25.958826 -32.722168
49.690495 19.719193
-74.874832 -21.959269
50.323490 19.758699
-0.245742 2.377455
-66.977890 -28.821983
-54.848190 -35.561607
55.861153 18.956221
-5.330364 -7.052694
-22.027710 -29.907072
41.587536 19.768532
-77.513908 -19.407276
-1.434760 0.742523
-42.069073 -36.547256
-74.730820 -22.098789
-16.128405 -24.556118
31.294775 18.875357
19.820633 17.989929
6.577273 10.109044
34.811852 19.378595
-0.761356 1.685024
-30.451624 -34.862865
-12.831255 -20.816261
-63.996929 -30.951582
-55.999981 -34.925259
-2.943985 -1.528399
-4.612106 -5.535174
-32.486336 -35.545441
-14.094877 -22.304472
23.698633 18.307341
-15.759915 -24.182449
38.679325 19.066786
43.731678 19.464659
38.030548 19.433016
22.801182 18.238079
-60.666477 -33.069866
-54.538685 -35.341816
57.666340 18.867140
-66.273705 -29.387505
-39.244987 -36.490738
-19.341026 -27.656982
-62.188736 -32.192486
9.348492 12.552464
4.931288 8.509762
41.372932 19.661617
54.770020 19.209482
-10.506907 -17.670668
-76.448036 -20.477148
35.647205 19.286772
-37.814003 -36.401539
-1.616395 0.523818
48.296268 19.903936
17.386253 17.478292
2.935184 6.328924
26.002731 18.638065
-24.985870 -32.035770
21.819632 17.969757
-16.136087 -24.565123
-68.757149 -27.322702
-65.818481 -29.715267
-4.640476 -6.255689
-72.885948 -23.841192
36.248421 19.407671
-10.017350 -17.002163
16.252825 17.081505
1.486428 4.532670
38.051899 19.528748
51.193287 19.778858
-63.110382 -31.566526
0.250213 3.055454
-74.486145 -22.330296
47.466194 20.144085
20.363600 17.782217
-30.602045 -34.852341
-29.784092 -34.746990
18.298857 17.588806
51.629147 19.518295
4.309569 7.877782
-42.043110 -36.709564
39.072777 19.711193
-22.951639 -30.663252
-8.438542 -14.693953
59.047607 18.573893
23.068197 18.322332
-75.333237 -21.508297
-65.693314 -29.816875
-1.020209 1.336934
1.480776 4.532735
63.234447 18.505438
55.050819 18.955111
-23.662424 -31.200909
-15.881796 -24.305344
29.821478 18.960411
-76.683350 -20.248058
-7.602985 -13.441408
5.257133 8.838258
0.915398 3.877199
-26.225252 -32.865723
-77.227982 -19.706671
3.373699 6.850256
-6.404091 -11.757212
8.371050 11.727866
3.081469 6.501054
16.782961 17.145769
14.407928 16.047312
8.563007 11.898677
42.241932 19.870586
-58.049351 -34.029987
64.178467 17.767233
-15.833568 -24.265265
-5.194704 -6.589684
63.170315 18.573631
6.878538 10.390070
30.022552 19.361248
-33.834320 -35.787617
13.892199 15.694768
16.153673 16.955185
-60.149876 -33.425976
-29.247496 -34.436306
-19.479933 -27.793360
23.612444 18.418468
21.409889 18.316929
-25.545059 -32.430336
-19.431259 -27.736044
64.097755 17.836018
27.969603 18.721909
0.665991 3.579483
-11.145099 -18.582491
14.865026 16.203560
0.564033 3.485855
14.687106 16.146685
-30.822487 -34.969597
-15.566586 -23.986097
-55.455456 -35.251595
60.784821 18.587358
56.843502 19.239344
-69.362434 -26.812586
10.317027 13.294556
-63.540047 -31.268545
-36.040665 -36.361015
43.384296 19.820944
-5.541917 -7.548294
-6.024016 -11.111747
60.073811 18.842384
-64.237694 -30.784416
46.719532 19.743435
-22.719187 -30.460241
17.772251 17.632442
53.803242 19.307089
6.025904 9.589327
49.566730 19.647978
15.119268 16.341194
60.638405 18.847618
41.063465 19.703245
49.913536 19.544632
-13.538624 -21.606226
-1.084626 1.224929
52.095715 19.512419
13.661550 15.541070
38.864811 19.207678
-4.987997 -6.667277
51.672386 19.795334
27.325096 18.563662
63.518402 18.312983
11.086473 13.853485
-13.599394 -21.687363
2.299715 5.486461
-2.497322 -0.959519
-27.993055 -33.826588
14.287088 15.995318
54.672668 19.330311
32.045883 19.190472
-76.911728 -20.021734
-20.938932 -29.058229
-21.128731 -29.220778
16.847826 16.892159
-67.415062 -28.446085
-37.248989 -36.224358
-70.093681 -26.194225
-6.690105 -12.121060
-70.918388 -25.450689
-43.898499 -36.496544
-70.935852 -25.437895
-12.670185 -20.641781
18.026983 17.664162
37.862366 19.590456
-62.065289 -32.269558
-47.372627 -36.419910
60.437340 18.931925
49.963783 19.923218
-18.983904 -27.338509
-9.586047 -16.403212
16.516905 16.749096
20.330566 18.163906
16.088852 16.911125
-70.974258 -25.398787
-38.548355 -36.217335
-2.409858 -0.800176
-11.911728 -19.619280
-37.767967 -36.239109
-6.936933 -12.436693
-7.328025 -12.970083
-4.648232 -4.994646
3.280357 6.738790
29.261345 18.837376
63.101578 18.620218
-63.020004 -31.656788
-68.857262 -27.227625
57.482868 18.716787
-76.961372 -19.971018
-30.700821 -35.015121
-70.666473 -25.687477
12.214720 14.755741
11.786834 14.396429
-36.098976 -35.907288
24.269571 18.376526
64.284630 17.641760
-76.477165 -20.461906
-7.310800 -12.985818
-51.342529 -36.246983
-2.219587 -0.485176
-24.935802 -31.988096
26.539692 18.870457
-70.333176 -25.983278
24.086443 18.500355
-69.956917 -26.298189
-46.540596 -36.631649
-46.081196 -36.526646
43.801235 19.795214
-77.530212 -19.399376
25.282516 18.629459
-21.836409 -29.752487
-69.347328 -26.811932
-12.953332 -20.940958
-46.479610 -36.512115
-52.992516 -35.786816
13.345211 15.275577
-12.381269 -20.266453
57.815510 18.940823
21.322422 18.485107
-25.122370 -32.087540
51.873741 19.582241
44.104458 19.764166
-48.345032 -36.386898
58.978661 18.600948
-0.879405 1.506561
20.868172 18.211807
-21.198425 -29.283133
-49.796379 -36.203659
-33.532478 -35.636059
45.495876 19.864634
-36.998413 -35.919941
59.577141 18.777678
-24.344414 -31.620501
-42.704189 -36.475468
-63.504517 -31.281382
-16.855501 -25.288742
-74.680557 -22.143682
18.765104 17.476387
-61.855663 -32.383343
30.096025 19.171307
-11.340603 -18.820053
64.171959 17.754986
50.072258 19.641115
-68.938339 -27.169600
-22.391836 -30.204014
9.010306 12.275529
53.574741 19.272507
-27.050663 -33.386524
28.137262 18.899544
-3.712093 -3.791023
15.802720 16.728161
32.755695 19.238901
-69.201172 -26.939932
-74.319458 -22.482779
13.376849 15.405662
-63.869263 -31.050013
13.282902 15.239624
6.572491 10.117201
17.220955 17.292122
-38.753723 -36.238708
42.056423 19.475780
-44.019440 -36.579380
-12.859574 -20.857075
53.409683 19.499195
-16.601963 -25.036064
25.509785 18.764399
36.351219 19.142780
-70.269585 -26.043751
8.809231 12.099107
-55.246277 -35.486477
-7.974487 -14.031078
31.690115 18.742664
42.868198 19.408247
44.866871 19.954910
6.921720 10.431459
-65.441238 -30.002092
-4.575739 -3.811268
-4.954817 -4.899600
31.073257 18.811264
-2.870948 -1.714834
14.304255 15.949659
62.940197 18.714602
27.635857 18.648146
-54.660351 -35.372154
-6.793911 -12.256052
43.407726 19.685024
18.700485 17.741968
52.385838 19.385731
-37.765217 -36.010201
6.184904 9.735223
-72.609070 -24.083710
-15.551525 -23.975950
0.186677 2.981987
-4.970187 -6.517497
-33.340488 -35.759274
9.400553 12.589211
-51.838924 -36.148468
-51.705498 -36.139679
55.421371 19.174746
-66.629646 -29.124332
37.332500 19.696188
59.854946 18.489481
3.995226 7.562920
-60.964668 -32.857979
-45.129089 -36.578239
48.699707 19.890343
43.643536 19.926914
-16.199284 -24.630577
-39.493298 -36.367477
-70.379654 -25.937763
-11.057428 -18.451517
52.265293 19.341450
-56.766033 -34.684223
22.674122 18.314795
-62.872143 -31.760324
3.991581 7.544706
55.104755 19.061506
-54.757217 -35.523426
10.797867 13.651507
-0.072688 2.613290
7.397707 10.878223
-48.637051 -36.334217
-26.499825 -33.058624
-54.772064 -35.237011
-67.489174 -28.383171
-42.496708 -36.417439
-10.407082 -17.528866
-46.243832 -36.649082
-63.870003 -31.040062
5.068931 8.653633
-5.357831 -7.089861
49.261875 19.755207
-6.352026 -11.694706
-4.280084 -4.231202
3.240749 6.697748
-51.141552 -36.054829
-65.066177 -30.247921
-74.835320 -22.001535
60.374878 18.801319
-4.284185 -4.460218
-65.406120 -30.021545
24.960924 18.747049
-60.529308 -33.197254
-9.262362 -15.986892
53.098476 19.338232
-67.727654 -28.169567
-22.540001 -30.330900
-29.357418 -34.425583
43.046329 20.039474
-77.359108 -19.576056
-26.587940 -33.133232
57.702526 18.593237
8.012821 11.406236
1.268525 4.274254
63.944324 17.986532
-32.395100 -35.635513
62.141232 18.647112
-25.636671 -32.501167
-6.685774 -12.113379
-69.339844 -26.819523
-12.191349 -20.005590
7.090618 10.588976
56.856995 19.170637
44.295338 19.585300
-2.057077 -0.096907
-34.253536 -35.987343
5.319152 8.899635
-5.122617 -6.714846
-7.719019 -13.599231
1.052692 4.036973
-56.720467 -34.745392
-73.284821 -23.454556
60.211952 18.731850
-4.682850 -4.007191
-48.484783 -36.400745
-71.040276 -25.334831
55.572845 19.072842
-22.571192 -30.362114
37.479885 19.204580
19.226385 17.851759
-11.678196 -19.304840
-75.552498 -21.307117
44.197731 19.488440
-28.375626 -34.081894
-1.532250 0.638510
1.772454 4.841379
-9.892813 -16.826967
-19.645493 -27.954792
10.351432 13.314644
-10.240229 -17.327171
32.355701 19.052658
-46.706348 -36.408878
-37.814266 -36.375217
30.630342 19.216198
-63.261868 -31.476542
-72.551010 -24.135017
-23.708797 -31.209480
-15.460487 -23.877735
-5.356417 -6.886012
9.476631 12.656833
-51.664742 -36.168388
-10.584260 -17.775925
10.307342 13.288927
8.262969 11.624338
34.863960 19.405727
-24.490433 -31.721149
-35.190857 -35.854824
-4.411246 -5.756535
-55.885414 -34.991196
-9.952315 -16.905390
-73.721169 -23.036558
-70.791504 -25.564249
44.643677 19.996458
-57.319080 -34.330273
-5.142091 -6.593232
2.344311 5.538676
-73.633156 -23.122520
-5.060272 -6.775046
-43.935371 -36.529835
39.457344 19.441820
35.715836 19.478598
1.699725 4.791673
13.947760 15.746835
52.260223 19.612246
-66.380241 -29.312340
-52.617405 -35.791256
-9.001842 -15.659890
-35.034805 -35.984924
-4.882805 -6.418598
61.521629 18.650730
-51.399742 -36.349262
-58.973343 -33.711445
-39.802246 -36.474285
-73.690063 -23.072653
3.578201 7.084763
24.876863 18.365191
-29.250978 -34.474827
-30.563383 -35.004337
-26.942978 -33.350800
13.575597 15.477487
12.388695 14.765348
36.297096 19.216679
-46.013031 -36.590195
25.123388 18.692413
-6.211445 -11.485976
-18.888416 -27.252361
-70.715691 -25.636938
63.952976 17.973310
25.728588 18.897648
-14.654910 -22.986551
-25.874607 -32.668236
23.016420 18.229204
-77.274017 -19.663364
-68.093155 -27.878466
-62.174110 -32.209911
-12.484105 -20.409807
-3.322351 -2.092944
-36.175705 -36.359051
11.841709 14.422478
-64.146851 -30.831938
-6.823441 -12.283433
35.185642 19.139935
24.473831 18.460157
4.103653 7.661113
52.770107 19.549908
-14.765224 -23.129778
62.477390 18.825661
11.610683 14.225550
-31.552174 -35.502686
-71.056480 -25.331612
-73.087891 -23.656004
-55.807045 -35.113979
-77.038109 -19.897909
-42.182728 -36.746159
-13.016427 -21.012516
24.681797 18.639256
-50.138023 -36.093075
-9.183713 -15.895375
37.270447 19.300241
-68.144844 -27.818222
-4.061382 -4.938413
-66.596161 -29.152161
-10.463712 -17.604933
-67.268837 -28.561707
-56.045628 -35.012695
-2.203526 -0.436006
-0.954960 1.418920
-9.468068 -16.228426
46.427933 19.973324
61.350945 18.591232
-74.882004 -21.940536
-50.656048 -36.024689
-77.159653 -19.774185
27.278965 18.736376
1.331600 4.360046
-72.325935 -24.334717
-3.721252 -4.028170
-4.679163 -5.299160
-32.161854 -35.500526
-41.183445 -36.678432
44.394695 19.768837
15.835121 16.681868
-8.010071 -14.087295
30.250418 19.009420
2.554585 5.808713
-27.479902 -33.627491
7.765308 11.199105
-55.235245 -35.254795
57.730289 18.670795
61.656063 18.935442
-32.942265 -35.707695
50.194576 19.733429
-28.136002 -33.922588
39.394421 19.626263
11.459592 14.136143
47.093136 19.685038
-4.775609 -5.283068
30.608385 18.777168
34.571552 19.330162
-17.903444 -26.296755
-23.897923 -31.352764
-37.401207 -36.528568
-13.913301 -22.075888
-18.616131 -26.989738
8.169147 11.546940
-24.762142 -31.887743
-21.040039 -29.145012
8.449663 11.792002
-36.569313 -36.343285
-11.500194 -19.043549
-0.403770 2.183773
-16.567638 -24.999311
-63.411488 -31.370144
1.848537 4.963696
-42.645752 -36.642429
-22.802755 -30.542694
46.805424 19.784229
-4.871510 -4.930670
-73.426865 -23.324163
-49.250473 -36.569324
53.126842 19.478090
-26.082439 -32.778301
-60.732433 -33.020195
-7.450782 -13.113418
7.626843 11.087026
32.485630 18.957018
44.130234 19.682203
33.192902 19.287893
17.239124 17.440042
-49.765366 -36.324112
8.758923 12.056396
22.601080 18.458681
9.022215 12.289109
-57.912567 -34.137009
-63.151829 -31.545889
-23.992167 -31.398781
38.572567 19.230152
-9.148743 -15.836166
-8.310165 -14.506557
-29.351473 -34.494125
1.651549 4.714499
27.757010 18.825190
25.525335 18.286430
0.053597 2.800508
-0.180084 2.494376
-61.506428 -32.549343
-26.987465 -33.417076
17.481014 17.205734
57.851765 18.567385
-36.739605 -36.450203
-44.216423 -36.314232
-57.503548 -34.465786
-1.279781 0.931229
-38.415581 -36.488628
20.164764 17.641645
-6.482911 -11.888919
6.741202 10.266603
4.994511 8.577490
-18.545879 -26.916590
-52.194355 -35.823425
-31.574812 -35.288841
-47.609119 -36.402554
-64.388702 -30.641048
-24.439030 -31.688604
48.455704 19.866861
-30.433493 -34.772942
38.447884 19.223745
-8.470473 -14.731476
0.927614 3.878635
-70.718323 -25.638119
46.557178 19.975657
21.086266 17.862310
45.959900 19.798199
-54.052502 -35.673927
-2.656255 -1.155472
20.092463 17.628525
21.229422 18.262070
-7.692457 -13.564452
31.666801 19.139011
-60.621109 -33.166138
-4.575739 -6.155359
1.054086 4.034934
-64.158951 -30.830009
32.093342 18.929642
5.457283 9.040002
-38.786949 -36.237099
-53.183754 -35.698124
48.404984 19.889614
-18.980494 -27.335175
-10.133290 -17.183733
-7.091151 -12.665960
-35.366520 -35.984081
1.055999 4.048281
-48.152271 -36.398266
-11.827189 -19.472273
15.129473 16.329891
-54.694130 -35.465240
50.532047 19.540468
-67.089157 -28.721022
-18.169888 -26.553806
-30.835121 -35.147270
-19.665115 -27.918116
38.272022 19.688787
-12.952466 -20.939358
46.267376 20.039673
-73.434982 -23.312841
12.992954 15.244685
-7.442649 -13.117614
-45.002373 -36.534092
-16.727692 -25.162064
24.001837 18.450605
-9.298112 -16.016735
-13.585443 -21.687679
-4.340455 -4.732993
-2.349793 -0.763227
16.572647 16.966263
-62.493504 -32.006527
-2.854805 -1.430324
3.856332 7.409338
-65.306801 -30.076157
-4.040616 -3.541307
-25.969381 -32.722664
-32.171398 -35.393230
54.542942 19.198244
-41.576706 -36.596989
-53.690201 -35.536469
42.878979 19.508032
34.663517 19.175163
-37.210529 -36.026741
-60.366089 -33.317867
-3.172589 -1.829717
-37.506653 -36.306183
27.349228 18.366756
17.589968 17.368113
-51.464008 -36.193317
-10.980660 -18.328985
-1.590870 0.547133
16.368942 16.846970
31.186295 18.759798
10.782449 13.642880
-27.598318 -33.634415
-66.129929 -29.492041
-15.903650 -24.329462
30.997562 19.287735
1.567867 4.631908
-45.425541 -36.598129
3.320564 6.782410
5.738882 9.309279
-55.499443 -35.171688
-22.891413 -30.613527
51.745014 19.837683
0.425756 3.300943
-40.784760 -36.359283
-45.712273 -36.349571
9.973425 13.016346
9.096562 12.371099
1.540083 4.600735
-36.233967 -35.892818
12.296303 14.947929
-0.960867 1.422862
-20.322224 -28.505890
47.185074 19.682234
0.729370 3.656623
-60.764610 -32.992889
-41.461147 -36.514938
-18.318537 -26.700638
36.972401 19.643499
46.576969 19.821985
-2.745491 -1.302402
21.601923 18.151485
-53.267746 -35.728985
8.544393 11.867661
26.403271 18.573826
4.944529 8.526730
-46.789223 -36.326443
-42.915775 -36.714443
-24.098351 -31.476013
16.998957 17.077271
-8.563132 -14.896953
-31.973063 -35.407452
30.208393 19.077494
37.117172 19.514402
49.111538 19.909658
-47.153503 -36.499706
39.884785 19.287886
-8.457194 -14.712240
-59.458599 -33.631966
-41.016651 -36.445076
-57.487801 -34.420559
-9.379268 -16.162239
-21.472006 -29.496391
21.121777 18.277750
21.837109 17.942928
0.379501 3.189629
41.915253 19.539215
-6.786660 -12.236306
-15.273897 -23.684772
-20.748264 -28.873980
1.102690 4.097984
29.125561 18.551304
-29.217854 -34.368568
37.784252 19.402636
-7.048457 -12.584590
37.363457 19.293736
5.297286 8.879518
-8.000303 -14.078994
-51.502960 -36.066109
1.182297 4.188385
-5.218684 -6.848823
26.768105 18.310732
-27.777121 -33.742138
-13.328430 -21.383186
-44.551949 -36.392197
33.073513 19.177734
4.735238 8.313836
11.614355 14.203062
15.553701 16.564510
-13.335753 -21.382853
2.279071 5.469906
-30.257378 -34.735920
38.040154 19.157410
-50.863579 -36.132217
4.285769 7.843407
4.412975 7.991352
-20.236910 -28.428362
25.124907 18.429174
-23.378931 -30.995096
-35.466469 -36.182812
10.274347 13.322566
-16.563805 -24.989862
-30.922029 -35.129223
-4.248151 -3.312025
-15.404351 -23.817417
48.884773 19.720343
-48.479866 -36.398621
50.087421 19.960379
-12.206880 -19.714603
-57.356628 -34.355293
-9.422198 -16.199106
0.959847 3.940545
-37.593800 -36.165226
-6.879661 -12.363924
-50.451672 -36.265656
34.160591 19.071867
-32.744022 -35.585007
-61.518429 -32.539700
-52.384720 -35.996349
-2.517084 -0.933916
-1.907331 0.171843
-39.362831 -36.385365
-18.712414 -27.095079
-49.901596 -36.359772
57.567364 18.658039
40.650360 19.498194
-6.279007 -11.543715
-57.357586 -34.481277
8.516837 11.853056
-76.561707 -20.368654
-13.071953 -21.073788
30.389153 19.257650
41.801945 19.554680
27.567390 18.490601
-64.173111 -30.795162
-67.558929 -28.332119
41.201866 19.573418
-18.500031 -26.879801
16.813557 16.939362
56.371040 18.897371
-18.737448 -27.090279
-20.632648 -28.772751
-13.762547 -21.897713
-54.123173 -35.523506
-4.552978 -4.433062
7.589532 11.045604
61.096485 18.493437
9.570339 12.722021
42.281204 19.674259
27.039846 18.665482
39.786858 19.420849
3.961396 7.509418
-22.464827 -30.271618
-62.979832 -31.668776
43.854382 20.068375
-24.212029 -31.552464
-13.052036 -21.055704
-67.911690 -28.031784
46.504726 20.046873
54.601906 19.257591
34.005924 19.292326
0.341108 3.185978
-19.746788 -28.010509
-63.323399 -31.416357
12.183229 14.728043
-76.167542 -20.748854
-64.424522 -30.626514
-15.980984 -24.409090
32.899117 19.053614
-28.903881 -34.357159
-34.970951 -36.061932
-75.430801 -21.412449
-16.498676 -24.930952
-60.188332 -33.442192
61.668655 18.700397
-5.031447 -6.219185
61.219814 18.672935
-20.718821 -28.863680
-40.914848 -36.508259
-10.267347 -17.313000
2.102640 5.254138
-37.228199 -36.382919
58.165848 18.818584
57.280800 19.025061
-60.229023 -33.433704
30.448378 18.798702
-12.040208 -19.928232
-72.944138 -23.784742
-15.167589 -23.573334
-3.839881 -5.036282
55.054882 19.013567
-22.387878 -30.182758
-21.793430 -29.726608
53.657085 19.380180
39.527008 19.339201
43.600342 19.838959
56.776680 19.011177
-1.863088 0.223857
-12.593464 -20.567785
-13.376571 -21.434959
46.503391 19.982672
44.504551 19.573288
-4.218784 -3.487213
43.817577 19.656693
7.631063 11.078024
12.430982 14.712393
12.169543 14.642559
-1.734461 0.428611
49.592335 19.665167
-3.755379 -2.667749
12.817765 15.009714
1.759813 4.860423
-53.978603 -35.622330
0.576449 3.442878
-75.428192 -21.421568
-25.303190 -32.258198
18.982401 17.820868
-41.872429 -36.305122
2.948321 6.340661
37.134357 19.780035
62.808121 18.882948
-48.051685 -36.529686
-38.151558 -36.411324
62.906731 18.798376
29.736612 18.815928
40.702477 19.274309
57.409492 18.763479
0.328409 3.134183
47.260956 19.853325
4.362371 7.932072
-9.519506 -16.305441
8.265161 11.623898
55.778797 19.020506
5.044319 8.627962
17.613312 17.461004
-26.405397 -33.010555
-61.262154 -32.682667
20.315329 18.224001
10.154600 13.172000
33.859871 19.162718
48.666290 19.711885
-4.852820 -6.072121
-21.959101 -29.862055
-55.310734 -35.322941
-3.436030 -3.627755
9.881220 12.971822
64.102409 17.823002
-77.237999 -19.698048
49.653614 20.023844
13.019126 15.188598
-15.642961 -24.053076
-43.788609 -36.638733
14.885187 16.238104
-29.788990 -34.597885
51.381462 19.895031
30.591949 19.072565
38.681458 19.240671
-13.012502 -21.028711
-58.628407 -33.788155
-12.397171 -20.238111
39.717400 19.558069
-7.349432 -12.961570
58.344322 18.913519
-28.818520 -34.188900
17.353584 17.377535
-1.482670 0.685787
-34.384476 -35.845573
-4.573173 -5.982208
25.557570 18.291882
-72.719353 -23.977549
-66.740234 -29.027979
46.326813 19.963495
0.003260 2.708455
-44.416332 -36.337490
9.610403 12.754912
-74.645447 -22.184441
30.444704 18.841335
-12.653182 -20.615126
-8.563963 -14.863938
8.564999 11.894049
-29.278280 -34.526714
-8.760471 -15.218683
-13.213286 -21.239286
-12.650347 -20.594292
33.352066 19.297153
43.676109 20.227615
-40.525795 -36.572598
-35.244949 -36.049572
-3.975082 -3.566411
-74.928764 -21.899723
-15.534554 -23.949354
17.920763 17.576971
61.539425 18.850399
-73.452812 -23.297188
11.221144 13.912979
35.801155 19.372078
30.815817 19.025766
-36.883022 -36.164631
7.928479 11.329259
-72.552956 -24.138464
63.005489 18.663961
21.442438 18.410574
-55.800240 -34.898705
42.952766 19.301325
1.813535 4.915521
-62.901894 -31.724710
51.579288 19.674345
-72.895409 -23.825823
-7.886842 -13.900594
-32.869762 -35.767689
-7.651834 -13.412821
-63.056503 -31.611017
37.360817 19.415411
45.312416 19.895369
-70.609459 -25.733406
-41.536228 -36.407230
-39.841343 -36.213627
-32.348042 -35.466686
-54.998688 -35.547054
26.989239 18.610832
33.514576 19.148983
-51.342331 -35.971851
-18.335232 -26.709286
32.211342 18.934944
29.171900 18.814005
-25.632088 -32.497223
-3.679125 -4.215430
-2.454148 -0.864708
3.879813 7.426074
-3.527920 -3.679543
25.325104 18.594723
-56.327431 -34.968018
-46.503624 -36.400398
-58.136574 -34.027000
55.487774 19.160982
61.934853 18.782591
41.328182 19.518854
-33.735584 -35.767239
19.510841 17.997179
0.579388 3.491825
-68.523453 -27.515295
-52.714287 -35.885963
-20.806934 -28.939848
-73.074196 -23.659389
46.384182 19.890123
39.335781 19.471025
34.173019 18.976353
-60.702507 -33.132679
29.822145 18.622875
-57.891476 -34.152447
14.480466 15.986646
46.909569 19.797306
28.168324 18.783512
-41.245083 -36.297562
1.548306 4.614437
15.718882 16.742956
-37.258137 -36.012390
-6.594738 -12.008726
11.686672 14.286329
-23.769819 -31.258034
11.862298 14.436822
-41.361053 -36.356094
25.609251 18.886236
56.396431 18.965471
15.456375 16.572451
41.071938 19.596834
3.530295 7.030797
-44.161934 -36.446735
-39.827419 -36.486271
41.322773 19.765446
-74.653519 -22.173216
-59.885601 -33.594730
-57.243973 -34.518959
-49.531902 -36.464828
-4.082650 -3.121969
35.523247 19.342516
-76.721581 -20.216885
17.041763 17.294838
-31.700279 -35.417740
4.242132 7.807150
36.856983 19.264883
42.582653 19.753544
-60.592133 -33.123665
-20.403175 -28.573982
-55.900028 -34.955322
64.295731 17.617907
11.697545 14.337075
-3.357194 -2.099025
-65.630638 -29.844618
-41.396519 -36.220673
-67.847382 -28.081182
-23.402988 -31.007618
-73.598305 -23.159681
25.406317 18.500540
58.656509 18.820066
-33.141872 -35.812912
61.028000 18.834400
52.057076 19.379330
-0.189500 2.452261
-28.971207 -34.272484
51.821651 19.740118
61.309162 18.852486
-73.024887 -23.710388
37.713768 19.223625
-73.509338 -23.244165
2.384437 5.594098
-36.451439 -36.017162
-0.010418 2.689042
-18.461464 -26.835136
-21.040628 -29.139111
-33.179699 -35.630169
-18.777275 -27.172001
-31.041914 -35.232277
34.102119 19.206633
-76.154076 -20.755686
-25.488602 -32.371956
-62.266895 -32.159481
41.315426 19.575275
-62.710861 -31.860109
-15.038375 -23.434206
49.746895 20.013189
-11.283012 -18.789125
-33.543953 -35.820557
64.282700 17.667747
39.995842 19.621355
32.234047 19.052296
-4.928566 -6.497373
-75.261681 -21.584457
-69.510605 -26.673975
-11.887724 -19.600283
43.220821 19.704857
10.507981 13.453058
-63.822376 -31.071413
21.038656 18.120441
-48.032269 -36.538513
35.474060 19.224802
4.456282 8.027776
49.518543 19.821001
-16.594982 -25.028795
-18.270432 -26.645927
14.055700 15.807274
25.924576 18.261808
21.668756 18.265768
-76.761002 -20.173615
-43.362961 -36.289265
-53.848007 -35.657192
22.191477 18.325939
-23.032766 -30.740973
-18.313564 -26.691549
31.121355 19.062908
51.401764 19.554712
-51.179115 -36.106792
-6.961673 -12.453456
-35.562061 -36.110821
-22.791729 -30.537693
46.767216 19.697813
36.962734 19.129877
-9.779731 -16.674019
-43.218102 -36.321442
-54.965443 -35.462318
-16.123236 -24.554848
21.859056 18.042347
-48.344940 -36.566265
-40.071037 -36.385681
42.119072 19.572481
54.627460 19.178442
-55.242393 -35.315468
6.432071 9.978035
-4.116773 -4.633069
-2.467317 -0.881045
43.123150 19.809755
-70.259575 -26.038307
-43.389168 -36.499710
-65.335144 -30.086824
-9.793035 -16.701006
19.935350 17.915028
-15.291735 -23.700928
-0.219680 2.466950
14.555378 16.063866
9.805095 12.888007
6.478337 10.021955
-4.413568 -4.802523
-15.756042 -24.177946
9.137497 12.377061
2.298565 5.483654
-74.396828 -22.414911
34.423756 19.215311
-43.917263 -36.350849
4.598023 8.172319
60.489510 18.512403
-1.318915 0.912963
57.699478 18.588339
-20.915272 -29.034630
-54.792164 -35.356594
-29.971004 -34.654388
-53.146954 -35.864872
11.682227 14.276990
-26.205446 -32.872189
63.036144 18.799637
61.293266 18.506330
-3.785199 -2.750155
-15.447948 -23.865589
-63.605907 -31.213812
-74.240730 -22.556707
28.060616 18.506760
-67.413589 -28.452667
-0.150536 2.518608
-56.729668 -34.816204
29.250937 18.896242
51.454082 19.873528
46.278980 19.844240
-2.989941 -1.658499
-44.419865 -36.700249
-11.705895 -19.350164
-44.524261 -36.721455
43.188644 19.765945
-23.511551 -31.087502
19.937788 17.708418
14.949542 16.405823
-55.842926 -35.031143
56.610146 19.078524
-10.702564 -17.949869
-77.368416 -19.562872
-67.125000 -28.675867
-66.731567 -29.011347
21.731201 17.950119
-40.083710 -36.512421
15.479436 16.574331
40.729954 19.508886
-68.025238 -27.925097
-27.890339 -33.975468
-15.728584 -24.155663
58.394711 18.800499
-4.929168 -5.192245
56.989685 19.100639
53.561024 19.379471
64.290977 17.647238
63.145893 18.581768
63.549252 18.288881
47.059929 19.956749
-8.901040 -15.427405
4.984375 8.554841
-75.171043 -21.669523
64.318184 17.622610
-77.470238 -19.466003
-35.791576 -36.275669
27.566563 18.653656
47.283955 20.028158
-23.233215 -30.896133
17.055124 17.115459
33.753178 19.054893
-60.988514 -32.855618
-76.649048 -20.281332
-57.559967 -34.296364
-60.623562 -33.105099
-66.719238 -29.069845
-6.495519 -11.868301
16.137314 16.600719
55.401485 19.233513
32.557541 18.960823
-10.320070 -17.412809
-14.937930 -23.323097
60.796761 18.778807
26.331930 19.118387
-22.706909 -30.464479
-60.420082 -33.294724
-3.115910 -1.986034
-73.117622 -23.613878
-74.805496 -22.031937
-11.324289 -18.840321
-20.547224 -28.697422
62.038837 18.874254
-73.862816 -22.902147
-14.570137 -22.885746
23.481201 18.496183
-68.483566 -27.535875
-42.044914 -36.328136
47.765045 19.762581
-3.080549 -1.779466
-76.341553 -20.584803
29.705114 18.574961
64.250984 17.697346
-6.702652 -12.152026
-60.490082 -33.206146
-10.855596 -18.171854
-18.126030 -26.511793
36.890312 19.527164
-62.869602 -31.764072
-0.819264 1.619192
51.311642 19.497711
-13.555315 -21.637909
22.098061 18.134228
58.899712 18.570339
-31.137039 -35.286369
59.777992 18.530668
8.411289 11.750359
-49.353561 -36.252548
3.716910 7.247134
-52.359390 -35.767960
-75.652176 -21.208851
52.196705 19.489050
-12.927732 -20.931261
10.133100 13.153605
63.981182 17.951559
-73.378090 -23.372019
1.683195 4.779912
-25.901766 -32.660320
-47.226765 -36.583622
-25.450668 -32.340179
-5.215271 -6.795270
-43.020897 -36.480282
21.506098 18.142750
11.329407 14.017427
-70.849205 -25.509794
-33.517406 -35.698124
-77.083679 -19.847593
